# D3D9 programs created by the PC renderer (host runs: Time Attack BEAC, first mode),
# specialised by tools/generate_pc_spec_shaders.py. Add programs reported as
# 'uber fallback' in OutRunSwitch.log.
ps11 0
ps11 1
ps11 2
ps11 3
ps11 4
ps11 5
ps11 55
ps11 56
ps11 57
ps11 58
ps11 59
vs 1 0 10 15
vs 1 0 10 15 53 24 53 28
vs 1 0 10 17
vs 1 0 10 17 54 28
vs 1 0 10 18 54 24
vs 1 12 0 11 15
vs 1 12 36 0 11 15 35 26
vs 1 12 36 0 11 17 35 26
vs 1 36 0 10 15 35 26
vs 1 36 0 10 16 35 26
vs 1 36 0 10 17 35 26
vs 1 36 0 10 17 35 26 30
vs 1 36 0 10 17 35 26 30 51 31
vs 1 36 0 10 17 35 26 51 27
vs 1 36 0 10 17 35 26 54 28
vs 3 14 44 2 13 15 43 26
vs 3 14 44 2 13 17 43 26
vs 3 44 2 10 16 43 26
vs 3 44 2 10 17 43 26
vs 5 36 4 10 15 35 26
vs 5 36 6 10 15 35 26
vs 5 36 8 10 15 35 26
vs 60
vs 68
vs 70
# Vertex programs of every retail PMT bank (tools/host/pc_shader_census: load + 4103F0 kinds 0..13, 2026-10-01).
vs 1 0 10 15 53 28
vs 1 0 10 15 53 32
vs 1 0 10 15 54 24
vs 1 0 10 15 54 28
vs 1 0 10 16
vs 1 0 10 16 53 24 53 28
vs 1 0 10 17 51 23
vs 1 0 10 17 53 24
vs 1 0 10 17 53 28
vs 1 0 10 17 54 24
vs 1 0 10 17 54 32
vs 1 0 10 18
vs 1 0 10 18 53 24
vs 1 0 10 18 53 28
vs 1 0 10 18 54 28
vs 1 12 0 11 15 53 24 53 28
vs 1 12 0 11 15 53 32
vs 1 12 0 11 16
vs 1 12 0 11 17
vs 1 12 0 11 17 53 24
vs 1 12 36 0 11 15 35 26 30
vs 1 12 36 0 11 15 35 26 53 28
vs 1 12 36 0 11 15 35 26 53 32
vs 1 12 36 0 11 16 35 26
vs 1 12 36 0 11 17 35 26 30
vs 1 12 36 0 11 18 35 26
vs 1 12 36 38 0 11 15 35 26 37 30
vs 1 12 36 38 0 11 15 35 26 37 30 53 32
vs 1 12 36 38 0 11 16 35 26 37 30
vs 1 12 36 38 0 11 17 35 26 37 30
vs 1 36 0 10 15 35 26 30
vs 1 36 0 10 15 35 26 30 34
vs 1 36 0 10 15 35 26 53 28
vs 1 36 0 10 15 35 26 53 32
vs 1 36 0 10 15 35 26 54 28
vs 1 36 0 10 17 35 26 30 34
vs 1 36 0 10 17 35 26 30 54 32
vs 1 36 0 10 17 35 26 34
vs 1 36 0 10 17 35 26 53 28
vs 1 36 0 10 17 35 26 53 28 34
vs 1 36 0 10 17 35 26 54 28 34
vs 1 36 0 10 18 35 26
vs 1 36 0 10 18 35 26 30
vs 1 36 0 10 18 35 26 53 28
vs 1 36 0 10 18 35 26 54 28
vs 1 36 38 0 10 15 35 26 37 30
vs 1 36 38 0 10 15 35 26 37 30 53 32
vs 1 36 38 0 10 16 35 26 37 30
vs 1 36 38 0 10 17 35 26 37 30
vs 1 36 38 0 10 17 35 26 37 30 34
vs 1 36 38 40 0 10 15 35 26 37 30 39 34
vs 1 36 38 40 0 10 16 35 26 37 30 39 34
vs 1 36 38 40 0 10 17 35 26 37 30 39 34
vs 3 14 2 13 15
vs 3 14 2 13 16
vs 3 14 2 13 17
vs 3 14 44 2 13 15 43 26 53 28
vs 3 14 44 2 13 16 43 26
vs 3 14 44 2 13 18 43 26
vs 3 14 44 46 2 13 15 43 26 45 30
vs 3 2 10 15
vs 3 2 10 15 53 24 53 28
vs 3 2 10 15 54 24
vs 3 2 10 16
vs 3 2 10 17
vs 3 2 10 17 53 24
vs 3 2 10 18
vs 3 44 2 10 15 43 26
vs 3 44 2 10 15 43 26 30
vs 3 44 2 10 15 43 26 53 28
vs 3 44 2 10 15 43 26 53 32
vs 3 44 2 10 15 43 26 54 28
vs 3 44 2 10 17 43 26 30
vs 3 44 2 10 17 43 26 53 28
vs 3 44 2 10 18 43 26
vs 3 44 2 10 18 43 26 30
vs 3 44 46 2 10 15 43 26 45 30
vs 3 44 46 2 10 16 43 26 45 30
vs 5 36 4 10 16 35 26
vs 5 36 4 10 17 35 26
vs 5 36 4 10 17 35 26 30
vs 5 36 4 10 18 35 26
vs 5 36 6 10 16 35 26
vs 5 36 6 10 17 35 26
vs 5 36 6 10 18 35 26
vs 5 36 8 10 17 35 26
vs 5 36 8 10 18 35 26
vs 59
vs 62
vs 63
vs 64
vs 65
vs 66
vs 67
vs 69
vs 71
# Pixel programs (40B200, ps_1_4) of the C2C first mission race (host OR2_BLOB_DEBUG, 2026-10-01).
ps14 3 15 37 43
ps14 2 15 37 43
ps14 12 36 43
ps14 2 33 36 17 43
ps14 3 15 37 21 38 43
ps14 3 15 37 26 38 43
ps14 3 15 37 34 36 24 43
ps14 3 18 36 25 43
ps14 5 15 37 21 38 31 40 43
# Pixel programs of every retail material (pc_shader_census: 408C80 / 40B200 after 404600(0), 2026-10-01).
ps14 2 18 36 43
ps14 2 19 37 43
ps14 3 15 37 22 38 43
ps14 3 15 37 25 43
ps14 3 15 37 30 39 43
ps14 5 15 37 21 38 23 41 43
ps14 5 15 37 21 38 36 43
ps14 5 15 37 21 38 43
ps14 5 15 37 25 43
ps14 5 15 37 26 38 23 41 43
ps14 5 15 37 26 38 31 40 43
ps14 5 15 37 34 36 24 43
# Runtime-created programs: shadow volume VS (623E38 -> 955A40), particles PS (623830 -> 95AF9C).
vs 72
ps11 54
